rt;1,3,4,7,9,10,11,12,13,14,16,17,18,19,21,23,24,26,27,28,29,30,32,33,34,36,37,38,39,40,42,43,44,45,46,47,48,51,52,53,55,57,58,59,61,62,63,64,65,66,67,69,70,73,74,75,76,77,78,79,80,82,83,84,85,86,88,89,90,91,92,93,95,96,97,98,100,101,102,103,104,105,106,109,110,111,112,113,114,116,117,118,120,122,123,125,126,128,130,131,132,133,134,135,136,138,140,141,142,144,145,149,150,151,152,153,154,155,157,158,160,162,163,164,166,167,169,170,173,175,176,177,178,179,181,182,183,184,185,186,187,188,189,190,191,193,194,195,196,197,199,200,201,203,204,205,206,207,208,209,210,211,212,213,215,216,218,219,221,222,223,224,226,227,228,230,231,232,233,234,235,236,237,238,239,240,241,242,244,246,247,248,250,251,252,253,255,256,257,259,261,262,263,264,265,266,268,269,270,271,273,275,276,277,278,279,280,281,285,288,290,292,293,294,295,297,298,299,300,302,303,304,305,306,307,308,309,310,311,314,315,317,318,319,320,323,324,326,327,330,331,332,333,334,335,336,337,338,339,340,341,342,343,344,345,346,347,350,351,353,355,356,357,359,360,361,362,364,365,366,367,368,369,370,371,373,374,376,377,378,381,382,384,385,386,387,389,390,391,392,393,394,395,396,397,398,401,402,403,404,406,409,410,412,413,414,415,416,417,418,419,421,422,423,424,425,427,428,429,430,431,432,433,434,435,436,437,439,440,441,442,443,444,445,446,448,450,451,452,453,454,455,457,458,459,461,463,464,465,467,468,470,471,474,475,477,478,479,480,481,482,483,485,486,487,488,489,490,491,493,494,497,498,499,500,501,502,503,504,505,506,508,509,510,511,512,513,514,515,516,517,518,519,521,522,523,524,525,526,528,529,530,531,532,533,534,535,536,540,541,543,544,545,546,548,550,551,552,553,554,556,557,558,559,561,562,563,564,565,567,568,570,571,572,573,574,575,577,578,579,582,583,585,586,587,588,590,591,592,593,594,595,596,597,598,599,601,603,605,606,607,608,609,610,611,612,615,616,617,619,622,623,624,625,626,627,628,629,630,631,632,634,635,636,637,638,640,641,642,644,645,646,647,648,650,651,652,653,654,655,656,657,659,660,661,662,664,665,667,668,669,670,671,672,674,676,677,679,681,683,684,685,687,688,690,691,692,693,694,695,696,697,698,699,700,701,703,704,706,708,709,710,711,712,714,715,716,717,718,719,720,721,722,723,724,725,726,727,728,729,731,732,733,735,737,739,740,741,742,743,744,745,746,747,748,749,750,751,752,753,755,756,757,758,759,760,761,762,763,764,765,766,767,768,770,771,772,773,774,775,776,777,778,780,781,784,785,786,787,788,789,790,791,793,794,795,796,797,798,799,801,802,804,805,806,808,809,810,811,812,813,815,817,818,819,820,821,822,823,824,825,827,829,830,831,832,833,834,836,837,838,839,840,842,843,844,846,847,848,849,851,853,854,855,856,858,859,860,861,863,864,866,868,869,870,871,873,875,876,877,878,881,882,884,885,887,891,893,895,896,898,899,901,903,904,905,906,907,908,909,912,914,916,918,919,920,921,922,923,924,925,926,927,929,931,933,934,935,937,938,939,940,941,944,945,946,947,948,954,955,956,957,958,959,961,962,964,966,968,969,970,971,972,973,974,975,976,977,980,982,983,984,985,986,988,989,992,993,994,995,997,999,1000
trouble;1,27,205,561
tokyo;1,4,11,13,17,21,24,27,33,34,37,40,44,46,57,59,64,66,69,77,86,88,89,92,98,106,109,111,116,132,133,142,145,150,154,158,162,163,167,169,170,180,181,183,184,189,191,193,195,203,205,208,209,211,212,215,219,221,224,226,230,237,238,239,241,248,255,261,262,263,265,279,283,288,292,293,294,298,299,300,310,314,317,324,332,337,338,343,351,354,356,357,362,366,368,369,371,374,376,381,386,390,393,395,397,401,403,410,412,414,422,430,431,435,436,440,441,444,445,448,452,454,458,459,463,465,471,475,482,483,489,491,493,501,502,504,510,512,514,518,523,524,528,531,534,535,548,552,553,554,558,561,564,565,568,570,572,577,578,579,580,582,585,586,588,592,595,597,598,600,606,617,619,626,627,628,630,632,633,636,638,646,647,653,654,655,656,664,667,668,679,681,683,685,687,691,693,694,695,696,702,708,711,712,714,715,718,719,721,724,725,728,731,744,745,746,748,752,753,754,762,764,765,766,773,774,784,787,788,790,791,793,794,797,799,802,806,814,815,824,831,837,840,842,853,859,863,868,873,876,877,878,884,887,895,898,901,908,909,912,919,921,923,924,926,937,938,940,941,944,947,948,954,957,958,961,962,964,966,968,969,970,972,975,980,983,985,988,997,1000
started;1,27,205,561
qualifiers;1,27,205,561
biles;1,3,4,11,13,17,21,24,27,33,34,37,40,44,46,57,59,64,65,66,69,79,86,88,89,92,93,96,98,102,109,111,116,132,133,142,145,149,150,154,158,162,163,167,169,170,181,184,185,187,189,191,193,195,196,201,203,204,205,207,208,209,211,212,215,218,219,221,224,226,230,237,238,239,241,242,248,255,257,261,262,263,265,267,275,276,277,279,281,283,288,290,293,294,298,299,309,310,317,318,319,326,332,334,335,336,337,338,339,342,343,344,348,351,356,357,362,363,366,367,368,369,370,371,374,376,381,386,390,393,395,397,401,403,410,412,414,422,430,431,435,436,440,441,444,445,448,452,454,458,459,463,470,471,475,479,482,483,489,491,493,501,502,504,510,512,516,518,521,523,524,528,531,534,535,538,548,552,553,554,556,559,561,563,564,565,568,572,577,578,579,580,582,585,586,588,591,592,595,597,598,606,617,619,626,627,628,630,632,636,638,642,646,647,653,654,655,656,664,668,679,680,681,683,685,687,691,693,694,695,696,708,711,712,714,715,718,719,721,724,725,728,731,744,745,746,748,752,762,764,765,766,773,774,784,787,790,791,793,794,797,799,802,806,824,831,837,840,842,851,853,859,868,873,876,877,878,884,887,895,898,901,908,909,912,919,921,923,924,926,936,937,938,940,941,944,947,948,954,956,958,961,962,964,966,968,969,970,972,975,979,980,983,985,988,997,1000
fumbled;1,27,205,561
event;1,27,39,160,165,192,205,561,943,981
coaches;1,27,205,561
moved;1,27,205,561
frantically…;1,27,205,561
’;2,3,4,15,23,32,33,41,52,81,82,115,127,146,157,160,168,180,192,196,199,207,209,219,226,236,255,286,289,296,304,311,325,349,360,363,375,380,429,451,464,495,496,503,507,521,547,556,557,560,563,565,600,602,618,643,659,680,688,689,711,730,734,742,760,769,803,808,841,842,852,856,879,881,883,930,956,967,986,987,999
going;2,22,87,139,160,219,255,284,352,375,443,495,569,600,711,842
blood;2
bath;2
rushing;2
olympics;2,5,6,7,8,9,10,12,14,15,20,22,25,26,28,29,30,31,32,35,36,38,39,41,42,43,47,49,50,51,55,56,58,60,61,62,63,66,68,71,72,74,76,77,78,80,81,83,90,91,94,95,99,100,101,103,105,106,110,114,115,117,118,119,120,121,123,124,126,127,129,135,136,137,138,139,140,141,143,144,146,147,148,151,156,159,161,165,166,168,171,172,173,174,175,176,177,179,180,182,183,186,190,192,194,198,200,202,213,214,216,220,222,223,225,227,228,229,231,232,236,240,243,244,245,246,247,249,251,253,254,258,260,264,266,268,269,272,274,278,280,284,286,287,289,295,296,301,302,305,306,307,308,312,313,315,320,323,325,327,328,329,330,333,340,345,347,349,350,352,353,354,355,359,364,365,372,375,377,378,380,382,383,384,387,388,389,391,392,394,397,398,401,404,405,406,408,413,414,415,416,418,420,421,424,425,428,432,442,443,447,448,449,451,455,456,457,458,460,461,462,465,466,467,468,469,472,473,474,476,477,478,480,481,484,485,486,487,494,495,496,498,505,506,507,508,509,513,515,517,520,522,525,526,527,530,532,536,537,541,542,543,544,545,546,547,549,550,551,555,566,569,573,575,576,580,581,583,584,587,589,590,594,596,599,601,603,605,607,608,609,610,611,612,613,615,616,618,621,623,624,625,629,631,633,635,637,639,640,643,644,645,648,650,651,652,657,663,665,666,667,670,671,672,673,674,676,682,684,686,689,690,692,700,701,702,704,705,706,707,709,716,717,720,722,723,726,729,730,733,734,736,737,738,740,741,743,747,749,750,751,753,756,757,758,759,761,763,769,772,775,777,778,779,780,782,783,789,792,795,796,798,800,801,803,805,807,808,809,810,811,812,813,815,817,818,819,820,821,823,825,826,827,828,829,832,833,834,841,843,844,845,846,847,850,852,854,855,857,865,866,867,869,870,872,874,879,880,882,883,886,888,889,890,891,892,894,897,899,900,903,904,906,907,910,911,913,916,917,918,920,929,932,933,935,943,945,946,950,951,952,953,957,960,963,965,967,971,973,978,981,982,984,989,990,991,993,996,998,999
prime;2,417
time;2,23,71,210,311,320,392,428,477,496,583,601,621,639,705,767,798,826,935,990
athlete;3,83,207,251,354,377,424,563,639,835,911,943
ability;3,207,563
mind;3,207,563,879,936
remains;3,207,563,933,984,998
important;3,207,563
organ;3,207,563
tells;3,178,207,252,363,439,563
body;3,207,563,936
b…;3,85,138,207,563,662,875,922,931
stepped;4,33,209,226,565
onto;4,33,209,226,565
flight;4,33,209,226,565
san;4,33,209,226,565
francisco;4,33,209,226,565
confidence;4,33,171,209,226,565,929,990,998
variables;4,33,209,226,565
antici…;4,33,209,226,565
caught;5
video;5,66,397,401,414,448,458,580,614
harassing;5
4th;5
degree;5
black;5,197,402,446,642,661,680,727,770,776,836,987
belt;5
sakura;5
kokumai;5
saying;5,243,429,967
f;5
gold;5,66,75,112,147,159,210,214,251,259,292,300,314,324,354,397,401,414,448,458,484,499,507,529,549,558,570,580,639,665,778,785,788,822,863,945,965,995
medalist;5,499,529,822,945
prepped;5
two;5,274,600
weeks;5,71,616,871,885
later;5
returns;5
punch;5
amp;5,22,60,115,118,120,121,124,139,210,419,447,466,472,621,639,643,845,850,857,865,872,880,886,889,897,910,928,943,959,987
yr;5
old;5,214,400,600
asian;5,987
couple;5,202
place;5,460,620,892
cops;5
see;5,148,174,301,507,549,613,879,925
covid19;6,8,68,70,104,107,108,220
vaccines;6,8,68,220
required;6,8,68,220
american;6,8,68,119,220,273,490,567,977,987
athletes;6,8,68,124,171,210,220,259,507,527,618,639,800,815,892,943
wishing;6,8,68,220
compete;6,8,35,68,103,176,220,666,835,932,999
beijing;6,8,68,198,220,225,433,462,507,682,703,800,845,850,857,865,872,880,886,889,897,910
covid;6,8,9,12,30,36,38,51,55,61,62,63,68,74,76,78,90,95,100,123,136,141,146,173,175,177,194,213,216,220,222,223,227,240,246,247,268,269,278,280,302,305,306,307,308,315,327,330,340,345,350,355,364,378,382,387,391,394,398,406,413,421,425,455,461,468,474,478,480,481,486,487,494,498,508,509,513,515,530,532,536,541,543,546,551,555,587,590,594,596,607,608,612,623,624,629,631,637,648,650,651,652,670,671,674,684,690,692,700,706,709,716,717,723,726,729,737,740,741,743,747,749,751,756,757,759,763,775,777,780,789,795,796,801,809,811,812,817,818,819,820,821,823,827,829,832,833,834,843,844,854,870,971,982
vaccine;6,8,55,68,220,437,692,801,946,974
day;7,26,87,91,105,114,126,135,186,228,232,244,245,251,253,266,272,354,702
redraw;7,26,91,105,114,126,135,186,228,232,244,253,266,272
margielyn;7,26,91,105,114,126,135,186,228,232,244,253,266,272
didal;7,26,91,105,114,126,135,186,228,232,244,253,266,272
reki;7,26,91,105,114,126,135,186,228,232,244,253,266,272
sk8tember21;7,26,91,105,114,126,135,186,228,232,244,253,266,272
sk8エスケーエイト;7,26,91,105,114,126,135,186,228,232,244,253,266,272
sk8theinfini…;7,26,91,105,114,126,135,186,228,232,244,253,266
army;9,12,30,36,38,51,61,62,63,74,76,78,90,95,100,123,136,141,173,175,177,194,213,216,222,223,227,240,246,247,268,269,278,280,302,305,306,307,308,315,327,330,340,345,350,355,364,378,382,387,391,394,398,406,413,421,425,455,461,468,474,478,480,481,486,487,494,496,498,508,509,513,515,530,532,536,541,543,546,551,584,587,590,594,596,607,608,612,623,624,629,631,637,648,650,651,652,670,671,674,684,690,700,705,706,709,716,717,723,726,729,737,740,741,743,747,749,751,756,757,759,763,775,777,780,789,795,796,809,811,812,817,818,819,820,821,823,827,829,832,833,834,843,844,854,870,971,982
called;9,12,30,36,38,51,61,62,63,74,76,78,90,95,100,123,136,141,173,175,177,194,213,216,222,223,227,240,246,247,268,269,278,280,302,305,306,307,308,315,327,330,340,345,350,355,364,378,382,387,391,394,398,406,413,421,425,429,455,461,468,474,478,480,481,486,487,494,498,508,509,513,515,530,532,536,541,543,546,551,587,590,594,596,607,608,612,623,624,629,631,637,648,650,651,652,670,671,674,684,690,700,706,709,716,717,723,726,729,737,740,741,743,747,749,751,756,757,759,763,775,777,780,789,795,796,809,811,812,817,818,819,820,821,823,827,829,832,833,834,843,844,854,870,967,971,982
floods;9,12,30,36,38,51,61,62,63,74,76,78,90,95,100,123,136,141,173,175,177,194,213,216,222,223,227,240,246,247,268,269,278,280,302,305,306,307,308,315,327,330,340,345,350,355,364,378,382,387,391,394,398,406,413,421,425,455,461,468,474,478,480,481,486,487,494,498,508,509,513,515,530,532,536,541,543,546,551,587,590,594,596,607,608,612,623,624,629,631,637,648,650,651,652,670,671,674,684,690,700,706,709,716,717,723,726,729,737,740,741,743,747,749,751,756,757,759,763,775,777,780,789,795,796,809,811,812,817,818,819,820,821,823,827,829,832,833,834,843,844,854,870,971,982
fuel;9,12,30,36,38,51,61,62,63,74,76,78,90,95,100,123,136,141,173,175,177,194,213,216,222,223,227,240,246,247,268,269,278,280,302,305,306,307,308,315,327,330,340,345,350,355,364,378,382,387,391,394,398,406,413,421,425,455,461,468,474,478,480,481,486,487,494,498,508,509,513,515,530,532,536,541,543,546,551,587,590,594,596,607,608,612,623,624,629,631,637,648,650,651,652,670,671,674,684,690,697,700,706,709,716,717,723,726,729,737,740,741,743,747,749,751,756,757,759,763,775,777,780,789,795,796,809,811,812,817,818,819,820,821,823,827,829,832,833,834,843,844,854,870,971,982
crisis…;9,12,30,36,38,51,61,62,63,74,76,78,90,95,100,123,136,141,173,175,177,194,213,216,222,223,227,240,246,247,268,269,278,280,302,305,306,307,308,315,327,330,340,345,350,355,364,378,382,387,391,394,398,406,413,421,425,455,461,468,474,478,480,481,486,487,494,498,508,509,513,515,530,532,536,541,543,546,551,587,590,594,596,607,608,612,623,624,629,631,637,648,650,651,652,670,671,674,684,690,700,706,709,716,717,723,726,729,737,740,741,743,747,749,751,756,757,759,763,775,777,780,789,795,796,809,811,812,817,818,819,820,821,823,827,829,832,833,834,843,844,854,870,971,982
tom;10,42,166,180,231,389,442,517,544,550,611,644,701,720,733,810,904,916,993
daleys;10,42,166,231,389,442,517,544,550,611,644,701,720,733,810,904,916,993
olympic;10,42,43,50,70,75,104,107,108,112,156,166,199,231,389,407,426,442,464,517,544,550,557,611,644,688,701,720,733,785,800,810,814,904,916,993
journey;10,42,166,231,389,442,517,544,550,611,644,701,720,733,810,904,916,993
easy;10,42,166,231,389,442,517,544,550,611,644,701,720,733,810,904,916,993
never;10,18,42,166,199,231,243,285,341,389,399,442,464,517,544,547,550,557,611,644,678,688,701,713,720,733,810,904,916,993
gave;10,42,87,166,231,389,442,472,517,544,550,611,644,701,720,733,810,904,916,993
strongertogether;10,19,42,122,166,231,256,373,385,389,442,488,500,511,517,533,540,544,550,593,611,622,644,699,701,710,720,732,733,739,810,830,848,849,860,893,896,904,905,914,916,934,939,949,993
nevergiveup;10,42,166,231,389,442,517,544,550,611,644,701,720,733,810,904,916,993
simone;11,13,17,21,24,34,37,40,44,46,57,59,64,65,66,69,79,86,88,89,92,93,96,98,102,109,111,116,132,133,142,145,149,150,154,158,162,163,167,169,170,181,184,185,187,189,191,193,195,203,208,211,212,215,218,219,221,224,230,237,238,239,241,242,248,255,257,261,262,263,265,267,275,276,277,279,281,283,288,290,293,294,297,298,299,309,310,317,318,319,326,332,334,335,336,337,338,339,342,343,344,348,351,356,357,362,363,366,367,368,369,370,371,374,376,381,386,390,393,395,397,401,403,410,412,414,422,430,431,435,436,440,441,444,445,448,452,454,458,459,463,470,471,475,479,482,483,489,491,493,501,502,504,510,512,516,518,523,524,528,531,534,535,538,548,552,553,554,564,568,572,577,578,579,580,582,585,586,588,591,592,595,597,598,606,617,619,626,627,628,630,632,636,638,646,647,653,654,655,656,664,668,679,681,683,685,687,691,693,694,695,696,708,711,712,714,715,718,719,721,724,725,728,731,744,745,746,748,752,762,764,765,766,773,774,784,787,790,791,793,794,797,799,802,806,824,831,837,840,842,851,853,859,861,868,873,876,877,878,884,887,895,898,901,908,909,912,919,921,923,924,926,936,937,938,940,941,944,947,948,954,958,961,962,964,966,968,969,970,972,975,979,980,983,985,988,997,1000
walking;11,13,17,21,24,34,37,40,44,46,57,59,64,69,86,88,89,92,98,109,111,116,132,133,142,145,150,154,158,162,163,167,169,170,181,184,189,191,193,195,203,208,211,212,215,221,224,230,237,238,239,241,248,261,263,265,279,288,293,294,298,299,310,332,337,338,343,351,356,357,366,368,369,371,374,376,381,386,390,393,395,403,410,412,422,430,431,435,436,440,441,444,445,452,454,459,463,471,475,482,483,489,491,493,501,502,504,510,512,518,523,524,528,531,534,535,548,552,554,564,568,572,577,578,579,582,585,586,588,592,595,597,598,606,617,619,626,627,628,630,632,636,638,646,647,653,654,655,656,664,668,681,683,685,687,691,693,694,695,696,708,712,714,715,718,719,721,724,725,728,731,744,745,746,748,752,762,764,765,766,773,774,784,787,790,791,793,794,797,799,802,806,824,831,837,840,853,859,868,873,876,877,878,884,887,895,898,901,908,909,912,921,923,924,926,940,941,944,947,948,954,958,961,962,964,966,968,969,970,972,975,983,985,988,997,1000
away;11,13,17,21,24,34,37,40,44,46,57,59,64,69,86,88,89,92,98,109,111,116,132,133,142,145,150,154,158,162,163,167,169,170,181,184,189,191,193,195,203,208,211,212,215,221,224,230,237,238,239,241,248,261,263,265,279,288,293,294,298,299,310,332,337,338,343,351,356,357,366,368,369,371,374,376,381,386,390,393,395,403,410,412,422,430,431,435,436,440,441,444,445,452,454,459,463,471,475,482,483,489,491,493,501,502,504,510,512,518,523,524,528,531,534,535,548,552,554,564,568,572,577,578,579,582,585,586,588,592,595,597,598,600,606,617,619,626,627,628,630,632,636,638,646,647,653,654,655,656,664,668,681,683,685,687,691,693,694,695,696,708,712,714,715,718,719,721,724,725,728,731,744,745,746,748,752,762,764,765,766,773,774,784,787,790,791,793,794,797,799,802,806,824,831,837,840,853,859,868,873,876,877,878,884,887,895,898,901,908,909,912,921,923,924,926,940,941,944,947,948,954,958,961,962,964,966,968,969,970,972,975,983,985,988,997,1000
act;11,13,17,21,24,32,34,37,40,44,46,57,59,64,69,86,88,89,92,98,109,111,116,132,133,142,145,150,154,158,162,163,167,169,170,181,184,189,191,193,195,203,208,211,212,215,221,224,230,236,237,238,239,241,248,261,263,265,279,288,293,294,298,299,310,332,337,338,343,351,356,357,366,368,369,371,374,376,381,386,390,393,395,403,410,412,422,430,431,435,436,440,441,444,445,451,452,454,459,463,471,475,482,483,489,491,493,501,502,504,510,512,518,523,524,528,531,534,535,548,552,554,564,568,572,577,578,579,582,585,586,588,592,595,597,598,606,617,619,626,627,628,630,632,636,638,646,647,653,654,655,656,664,668,681,683,685,687,691,693,694,695,696,708,712,714,715,718,719,721,724,725,728,731,744,745,746,748,752,762,764,765,766,773,774,784,787,790,791,793,794,797,799,802,806,808,824,831,837,840,845,850,853,857,859,865,868,872,873,876,877,878,880,884,886,887,889,895,897,898,901,908,909,910,912,921,923,924,926,940,941,944,947,948,954,958,961,962,964,966,968,969,970,972,975,983,985,988,997,1000
selfreclamation;11,13,17,21,24,34,37,40,44,46,57,59,64,69,86,88,89,92,98,109,111,116,132,133,142,145,150,154,158,162,163,167,169,170,181,184,189,191,193,195,203,208,211,212,215,221,224,230,237,238,239,241,248,261,263,265,279,288,293,294,298,299,310,332,337,338,343,351,356,357,366,368,369,371,374,376,381,386,390,393,395,403,410,412,422,430,431,435,436,440,441,444,445,452,454,459,463,471,475,482,483,489,491,493,501,502,504,510,512,518,523,524,528,531,534,535,548,552,554,564,568,572,577,578,579,582,585,586,588,592,595,597,598,606,617,619,626,627,628,630,632,636,638,646,647,653,654,655,656,664,668,681,683,685,687,691,693,694,695,696,708,712,714,715,718,719,721,724,725,728,731,744,745,746,748,752,762,764,765,766,773,774,784,787,790,791,793,794,797,799,802,806,824,831,837,840,853,859,868,873,876,877,878,884,887,895,898,901,908,909,912,921,923,924,926,940,941,944,947,948,954,958,961,962,964,966,968,969,970,972,975,983,985,988,997,1000
told;11,13,17,21,24,34,37,40,44,46,57,59,64,69,86,88,89,92,98,109,111,116,132,133,142,145,150,154,158,162,163,167,169,170,181,184,189,191,193,195,202,203,208,211,212,215,221,224,230,237,238,239,241,248,261,263,265,279,288,293,294,298,299,310,332,337,338,343,351,356,357,366,368,369,371,374,376,381,386,390,393,395,403,410,412,422,430,431,435,436,440,441,444,445,452,454,459,463,471,475,482,483,489,491,493,501,502,504,510,512,518,523,524,528,531,534,535,548,552,554,564,568,572,577,578,579,582,585,586,588,592,595,597,598,606,617,619,626,627,628,630,632,636,638,646,647,653,654,655,656,664,668,681,683,685,687,691,693,694,695,696,708,712,714,715,718,719,721,724,725,728,731,744,745,746,748,752,762,764,765,766,773,774,784,787,790,791,793,794,797,799,802,806,824,831,837,840,853,859,868,873,876,877,878,884,887,895,898,901,908,909,912,921,923,924,926,940,941,944,947,948,954,958,961,962,964,966,968,969,970,972,975,983,985,988,997,1000
story;11,13,17,21,24,25,34,37,40,44,46,57,59,64,69,86,88,89,92,98,109,111,116,132,133,142,145,150,154,158,162,163,167,169,170,181,184,189,191,193,195,203,208,211,212,215,221,224,230,237,238,239,241,248,261,263,265,279,288,293,294,298,299,310,332,337,338,343,351,356,357,366,368,369,371,374,376,381,386,390,393,395,403,410,412,422,430,431,435,436,440,441,444,445,452,454,459,463,471,475,482,483,489,491,493,501,502,504,510,512,518,523,524,528,531,534,535,548,552,554,564,568,572,577,578,579,582,585,586,588,592,595,597,598,606,613,617,619,626,627,628,630,632,636,638,646,647,653,654,655,656,664,668,681,683,685,687,691,693,694,695,696,698,708,712,714,715,718,719,721,724,725,728,731,744,745,746,748,752,762,764,765,766,773,774,784,787,790,791,793,794,797,799,802,806,824,831,837,840,853,859,868,871,873,876,877,878,884,885,887,895,898,901,908,909,912,921,923,924,926,940,941,944,947,948,954,958,961,962,964,966,968,969,970,972,975,983,985,988,997,1000
games;11,13,17,21,22,24,34,37,40,43,44,46,56,57,59,64,69,86,88,89,92,98,109,111,116,132,133,142,145,150,154,156,158,162,163,167,169,170,181,184,189,191,193,195,203,208,211,212,215,221,224,230,237,238,239,241,243,245,248,261,263,265,279,288,293,294,298,299,310,332,337,338,343,351,356,357,366,368,369,371,374,376,381,386,390,393,395,403,410,412,422,430,431,435,436,440,441,444,445,452,454,459,463,471,472,475,482,483,489,491,493,501,502,504,510,512,518,523,524,528,531,534,535,548,552,554,564,568,572,577,578,579,582,585,586,588,592,595,597,598,606,613,617,619,626,627,628,630,632,636,638,646,647,653,654,655,656,664,668,669,681,683,685,687,691,693,694,695,696,708,712,714,715,718,719,721,724,725,728,731,744,745,746,748,752,762,764,765,766,773,774,784,787,790,791,793,794,797,799,802,806,814,824,831,837,840,853,859,868,873,876,877,878,884,887,895,898,901,908,909,912,921,923,924,926,940,941,944,947,948,954,958,961,962,964,966,968,969,970,972,975,983,985,988,997,1000
nash;14,31,943
throwing;14,31
fist;14,31
diesel;14,31,118,120,121
years;14,31,199,400,426,464,476,484,557,600,688,858
gently;15
rocking;15,358
friends;15
anti;15
sex;15,408
bed;15
soaking;15
remembered;16,331,838
making;16,72,75,112,331,785,838,911
louis;16,119,331,838
tomlinsondlibyh;16,331,838
edits;16,331,838
year;16,146,214,251,331,354,472,495,686,697,838,841
back;16,22,196,206,331,363,472,507,521,556,659,803,838,956,981
fan;16,331,838
made;16,156,199,320,331,464,557,583,601,688,815,838,915
olympics♡;16,331,838
cant;16,331,447,738,838,892
believe;16,22,81,331,838
using;16,331,838
th…;16,331,838
“;18,23,171,197,199,262,283,285,311,317,341,362,363,377,380,399,402,419,424,446,464,514,553,557,600,602,643,661,679,680,688,727,754,770,776,792,836,845,850,857,865,872,880,886,889,897,910,919,937,938,959,980
perspective;18,285,341,399
changed;18,106,285,341,399
quickly;18,285,341,399
wanting;18,285,341,399
podium;18,285,341,399,584,925
able;18,285,341,399,609,675
go;18,22,67,84,97,113,125,128,131,134,137,138,285,341,352,363,399,616,839
home;18,285,341,399,467,841
with…;18,285,341
lovely;19,122,256,373,385,488,500,511,533,540,593,622,699,710,732,739,830,848,849,860,893,896,905,914,934,939,949
display;19,122,256,373,385,488,500,511,533,540,593,622,699,710,732,739,830,848,849,860,893,896,905,914,930,934,939,949
sporting;19,122,256,373,385,488,500,511,533,540,593,622,699,710,732,739,830,848,849,860,893,896,905,914,934,939,949
spirit;19,122,256,373,385,488,500,511,533,540,593,622,699,710,732,739,830,848,849,860,893,896,905,914,934,939,949
todays;19,122,254,256,373,385,488,500,511,533,540,593,622,699,710,732,739,830,848,849,860,893,896,905,914,934,939,949
mondaymotivation;19,122,256,373,377,385,424,488,500,511,533,540,593,622,699,710,732,739,830,848,849,860,893,896,905,914,934,939,949
democracies;20
withdraw;20
play;22,137,172,192,325,347,353,792,918,920,976,994
averaged;22
pts;22
boards;22
sheesh;22
youre;22,174,705
missing;22
badly;22
enough;22,678
delaying;22
mental;22,127,260,325,447
health;22,325,447
treatment;22
entertain;22
maybe;22,675,772
watching;22
good;22,115,143,325,497,539,614,705
luck;22,49,143
champ;22,214
still;22,803,892
invest;23,311
women;23,73,127,152,153,155,164,197,234,235,311,396,402,409,423,446,507,519,562,589,633,634,661,727,770,776,836,841,864
sports;23,73,106,152,153,155,164,234,235,311,396,409,423,453,466,519,562,604,633,634,781,786,792,845,850,857,858,864,865,872,880,886,889,897,910
”;23,160,171,262,283,311,317,362,363,380,399,514,553,600,602,642,643,679,680,754,792,845,850,857,865,872,880,886,889,897,910,919,937,938,980
simmerl…;23,311
retelling;25
getting;25,124,243,555,609
house;25
banned;25
makes;25,72,99,229
think;25,140,171,229,320,542,583,601,678
supreme;25
degenerates;25
brandi;25
ryan;25
got;25,94,115,180,665,769,778,782,976,994
crazier;25
hs;25
stories;25,621
thank;28
special;28,60,83,118,120,121,124,151,171,254,287,296,323,377,407,424,460,465,573,603,605,667,676,704,722,899,932,943,950,973
global;28,151,323,555,573,603,605,676,704,722,845,850,857,865,872,880,886,889,897,899,910,973
ambassador;28,495
celebrating;28,879
night;28
wrigleyfiel…;28
greatest;29,210,639,767
summer;29,165,210,447,473,639,826
ever;29,47,101,144,284,333,359,365,415,457,466,484,496,506,526,545,599,625,657,672,750,758,761,805,847,855,866,869,882,888,891,907
equestrian;29,858
sport;29,115,119
many;29,82,642,680,841
medals;29,210,259,484,639,736,841,995
paralympics;29,77,183,753,841,957
eur…;29
strive;32,236,451,808
much;32,79,117,236,370,451,473,600,621,808
purpose;32,236,451,808
guys;32,236,443,451,569,792,808,813
put;32,72,236,451,609,643,808
pool;32,236,451,808
balls;32,236,451,808
treadmills;32,236,451,808
like;32,67,84,97,113,117,125,128,131,134,137,156,236,289,313,434,451,542,547,555,665,734,769,778,808,845,850,857,865,867,872,880,886,889,897,910,911,965,967,981
great;35,179,188,217,321,347,353,354,465,472,616,642,667,680,918,920
welcome;35,467,992
sign;35
progressive;35
instead;35,473,547,621
allowing;35
trans;35
females;35
fight;35,917
biological;35
mma;35
weightlifting;35
brand;39
anta;39
x;39,171,496
chengxiao;39
•;39
程潇;39
kevin;41,360,503
durant;41,360,503
says;41,67,84,97,113,125,128,131,134,137,156,201,219,255,352,360,377,424,433,503,559,604,642,643,680,703,711,842,933,984,998
win;41,206,259,303,360,503,755
title;41,360,503
patrick;41
mills;41,360,503
apology;41,360,503
australia;41,360,428,503,798,814,935,990
beating;41,360,503
australian;41,360,503,814
boomers;41,360,503
semifinals;41,53,233,250,270,282,907
paradis;43
competed;43
tokyo2020;43,75,112,427,785,995
olimpiadas;43
mikasaackerman;43
shingekinokyojin;43
anitwt;43
http…;43,196,521,556,956
talked;45
season;45,55,67,84,97,113,125,128,131,134,137,178,252,375,439,643,692,801
coaching;45,329
playing;45,456,547,920,929
feel;47,101,144,333,359,365,415,457,506,526,545,599,625,657,672,734,750,758,761,805,847,855,866,869,882,888,911
useless;47,101,144,333,359,365,415,457,506,526,545,599,625,657,672,750,758,761,805,847,855,866,869,882,888
remember;47,101,144,333,359,365,415,457,506,526,545,599,625,657,672,750,758,761,803,805,847,855,866,869,882,888,890
life;47,101,144,204,333,359,365,415,457,495,506,526,545,599,625,657,672,713,750,758,761,805,847,855,866,869,882,888
guard;47,101,144,333,359,365,415,457,506,526,545,599,625,657,672,750,758,761,805,847,855,866,869,882,888
swimming;47,101,144,284,333,359,365,415,457,506,526,545,599,625,657,672,750,758,761,805,847,855,866,869,882,888
woogie;48,768
shares;48,768
jay;48,768
park;48,60,768,911
loco;48,768
female;48,273,490,567,642,680,768,977
professional;48,375,768
volleyball;48,520,768,841
player;48,178,190,252,439,466,768
heejin;48,768
heejin…;48,768
proud;49,254,815,839,891
alia;49
keep;49
bad;49,178,249,252,439
new;50,361,613,814
episode;50
nick;50
hunting;50
near;50
salt;50
lake;50
city;50
site;50
winter;50,72,103,143,176,198,375,462,472,730,800,911
gets;50,979
ride;50
bobsled;50
hunts;50
bugling;50
elk;50
deep;50,219,255,711,842
mountains;50
utah;50
nicks;50
wild;50,792
tonight;50,738
830pm;50
whatgetsyououtdoors;50
nickswildride;50
elkhunting;50
wawx;52
today;52,432,537,602
convective;52
target;52,292,300,314,324,558,570,788,863
port;52
orchard;52
elliot;52
bay;52
west;52
seattle;52
tacoma;52
area;52,296
south;52
along;52,148
puget;52
sound;52
need;52,83,214,325,402,446,661,727,776
t…;52,360,423,428,434,503,562,698,798,933,935,984
knocking;53,233,250,270,282
defending;53,71,174,233,250,270,282
champion;53,103,176,233,250,270,282,867
no2;53,233,250,270,282
wnba;53,233,250,270,282,574,927
the…;53,55,73,152,155,233,234,250,270,409,519,634,692,767,801,925,955
interview;54,188,217
wow;54,367,470,479,516,538,907
tennis;55,692,801
veteran;55,692,801
chardy;55,178,252,439,692,801,976,994
suspends;55,692,801
reaction;55,178,252,439,692,801
jab;55,692,801
since;55,75,106,112,260,392,465,477,600,667,692,785,801,871,885,946,976,994
robby;56
takac;56
weve;56
done;56
football;56,620,841
played;56,352,473,686
troops;56
fb;56
thanks;58,124,472
hardest;58
fought;58,71
victories;58
due;58,115,146,433,555,703
injury;58
races;58
prior;58
struggled;58
get;58,316,427,643,815,892,911,925
health…;58
north;60
bergen;60
monthly;60
flea;60
market;60
saturday;60
october;60
9am;60
5pm;60
bergenline;60
ave;60
90th;60
79th;60
sidewalk;60
outside;60
hosted;60,911
nb;60
community;60,462
police;60
proceeds;60
donated;60,296
fleamarket;60
jcevents;60
nohu;60
northbergennj;60
nj;60
chose;65,93,96,102,149,185,187,218,242,257,262,267,275,276,277,281,283,290,309,317,318,319,326,334,335,336,339,342,344,348,362,514,553,591,679,754,851,919,936,937,938,980
realizes;66,397,401,414,448,458,580
worth;66,397,401,414,448,458,580
tearful;66,397,401,414,448,458,580
diaries;66,397,401,414,448,458,580
moving;67,84,97,113,125,128,131,134,137
young;67,84,97,113,125,128,131,134,137,682
guy;67,84,97,113,125,128,131,134,137,495,542
last;67,84,97,113,125,128,130,131,134,137,146,174,361,697
wcf;67,84,97,113,125,128,131,134,137
oh;67,84,97,113,125,128,131,134,137,828,981
to…;67,84,97,113,125,128,131,134,437,742,760,881,974,986
indian;70,73,104,106,107,108,117,152,153,155,164,234,235,396,409,423,519,562,633,634,864,955
mens;70,104,107,108
hockey;70,81,104,107,108,119,375,907
team;70,85,104,107,108,159,407,428,520,621,643,662,663,689,798,814,875,922,931,935,950,990
dedicates;70,104,107,108
bronze;70,104,107,108,292,300,314,324,558,570,788,826,863
medal;70,104,107,108,137,147,251,354,379,507,549,698
doctors;70,104,107,108,325
frontline;70,104,107,108
warriors;70,104,107,108
argued;71
point;71,429,713,852,933,967,984,990,998
idea;71,148
rankings;71
established;71
players;71,304,375,841
objective;71
measure;71
past;71,180,199,464,557,688,943
especially;71,79,370,742,760,881,936,986
seeding;71
purposes;71
fact;71,602
awarded;71
points;71
sense;72,99,204
china;72,87,198,303,537,555,736,755
suddenly;72
become;72,991
concerned;72
carbon;72,462
emissions;72,462
xi;72,202,462,845,850,857,865,872,880,886,889,897,910
really;72,171,258,295,447,589,615,792,841
blue;72,202,462,555
skys;72
would;72,115,148,289,363,383,473,736,902,930
millions;72
dark;72
pass;72
sniff;72
test;72
industry;73,152,153,155,164,234,235,396,409,423,519,562,633,634,864
medicine;73,82,152,155,164,234,235,409,423,519,562,633,634,864
science;73,152,155,164,234,235,409,423,519,562,633,634,864
space;73,152,155,164,234,235,409,423,519,562,633,634,669,864
leaving;73,152,155,159,164,234,235,409,423,519,562,633,634,864
marks;73,152,155,164,234,235,409,423,519,562,633,634,864
spheres;73,152,155,164,234,235,409,423,519,562,633,634,864
proved;73,130,152,155,234,409,423,519,562,633,634
debut;75,112,785
rio;75,112,159,785
kosovo;75,112,785
three;75,112,388,785
titles;75,112,785
medallis…;75,112,785
pair;77,183,753,957
went;77,180,183,495,753,957
toda…;77,183,753,957
stunning;79,370,804
profile;79,367,370,465,470,479,516,538,667,804
society;79,153,370,396
asks;79,363,370
sexual;79,370,621
assault;79,370
survivors;79,370
publi…;79,370
talented;80,197,402,404,416,418,446,485,525,575,610,640,645,661,727,770,776,825,836,903
represent;80,273,404,416,418,485,490,525,567,575,610,640,645,825,903,977
country;80,404,416,417,418,485,525,575,610,640,645,825,903
next;80,143,404,416,418,462,476,485,525,575,581,610,640,645,825,903
lets;80,404,416,418,485,525,575,610,640,645,825,903
make;80,127,130,404,416,418,485,525,575,610,640,645,825,903
famous;80,273,404,416,418,485,490,525,567,575,610,640,645,825,903,911,977
anything;81,106,363,429,602,967
far;81
banning;81,807
uhl;81
events;81,259,313,320,380,583,601,620
reside;81
definitely;81,930
ban;81,313,537
world;81,103,176,313,400,450,574,635,782,841,883,927,976,994
championship;81,139,771,782
hope;81,297,312,380,861,998
ice;81
federation;81,858
ukraine;81
steps;81
something;81,407,600,621,734,769
though;81
coming;82,147,264,432,484,505,906
family;82
educated;82
people;82,94,174,313,380,429,666,742,760,881,932,967,986,987
bachelors;82
masters;82
phd;82
engineering;82
business;82
law;82
mad;82
weir…;82
disabilities;83
needs;83,621,713,734,913
autism;83
continue;83,660,675
speak;83,363
voice;83
❤️;83,156,214,591
y…;83
designs;85,662,875,922,931
beautiful;85,662,871,875,885,922,931,951,952,953
quality;85,662,875,922,931
top;85,130,432,662,875,922,925,931
notch;85,662,875,922,931
hey;85,151,323,573,603,605,662,676,704,722,875,899,922,931,973
please;85,138,259,635,658,662,875,922,931
imagine;87
unimportant;87,466
less;87,589,616
moment;87,499,529,822,907,995
climate;87,555
crises;87
worse;87
every;87,160,260,282,484,616,955
uyghursslayers;87
democracy;87
supressers;87
holy;94
shit;94,180,289,325,665,778
heated;94
huh;94
opening;99,303,304,358,367,470,479,516,538,669,734,755,891
ceremony;99,669,734
london;99
nowvaccine;99
vaccinated;99,800
petrolcrisis;99
fuelpanic;99
european;103,176,841
speed;103,176
skater;103,176
elise;103,176,449
christie;103,176,449
inspired;103,176
beijing…;103,176
months;106
letstalk;106
poverty;110,129,161
full;110,129,171,375,613,702,713
effect;110,129
fury;115
isnt;115,291,542,772
crazy;115,137
say;115,363,566,618,930
fighters;115
training;115,911
boxing;115,408
long;115,803
actually;115,705
weird;115,456
resume;115
real;115,911,932
aculates;115
amateur;115,666
belts;115
big;115,146,666,943
unknown;115
names;115
looks;117,555
noone;117
wants;117,462,555
create;117,883
buzz;117
participationsonly;117
support;117,124,174
athlet…;117
trucks;118,120,121
show;118,119,120,121,736
convoy;118,120,121,124
raised;118,120,121
159k;118,120,121
congrats;118,120,121
drag;118,120,121
amp…;118,120
meant;119
perhaps;119
russia;119
low;119
behold;119
27yearold;119
kid;119
funny;119
tie;119
st;119
ended;119
stealing;119
dramatic;119
fashion;119
possible;119,589,649
award;121
winners;121
4statetrucks;121
chromeshopmafia;121
chrome;121
chromeshop;121
customtrucks;121
semitrucks;121
trucking;121
customrig;121
bigrig;121
gbats2021;121
besttruckshowever;121
abf;124
freight;124
proudly;124
took;124,689
part;124,138,329,678,689
truck;124
driver;124
dave;124
hall;124
little;124,204
rock;124
ark;124
taking;124,620
texas;124
nice;124,289,312
photo;124,950
austin;124
skyline;124
raise;124
awareness;124,892
drivingimpact;124
unnecessary;127,260
difficult;127
butt;127,951,952,953
itch;127
draining;127
climb;130
first;130,156,251,322,354,383,465,667,891,907
‍♀️;130
incredible;130,660,841
woman;130,400,426,639,642,680
top…;130
well;137,153,372,380,396,547,915
wins;137
becomes;137
knight;137
terance;137
mann;137
nic;137
batum;137,352
clippers;137
cameroon;138
deserves;138
better;138,148,473
bda;138
regalia;138
showcase;138
nbamediaday;139
question;139
jrue;139
holiday;139,349
khris;139
middleton;139
transition;139
parade;139,146
straight;139
tome;140
2nd;140
annual;140,245,254,891
cg;140
soon;140,380,782
month;143
deserve;143,229,297,861
scheduled;146
3rd;146,495
week;146,174,260,349,942
may;146,555
current;146
restrictions;146
high;146,950
number;146
cases;146
delayed;146
unfortunately;146
happen;146,665,778
wanted;146,702
18months;146
things;146,807
example;146,437,974
held;146,616,771
belinda;147
bencic;147
oscar;147
winning;147,245,549,955
love;148,643
find;148,274,609,803
format;148,713
lines…;148
guess;151,323,573,603,605,676,704,722,899,973
whose;151,323,573,603,605,666,676,704,722,899,973
birthday;151,323,499,529,573,603,605,635,676,704,722,822,899,913,973
none;151,323,573,603,605,676,704,722,899,973
rockstar;151,323,573,603,605,676,704,722,899,973
amba…;151,323,573,603,605,676,704,722,899,973
postindependence;153,396
contribution;153,396
unparalleled;153,396
medi…;153,396
nothing;156
canadian;156,179,329,453,781,786
crowd;156
georgia;156,453,781,786
simmerling;156,453,781,786
memories;156
vancovuer2010;156
four;156,361
favourite;156,450
impressive;156
career;156
mean;157,168
sodha;157
appear;157
heard;157
intersectionality;157
essential;157
yes;157,172,621
feminist;157
concept;157,358
u…;157
owain;159
doull;159
welsh;159
rider;159
joins;159
ef;159
educationnippo;159
ineos;159
grenadiers;159
pursuit;159,462
joined;159,245
potential;160
endless;160
beat;160
anybody;160
know;160,168,214,295,492,615,678,771,826,911,925
attitude;160,547
…;160
proved…;164
spectators;165
allowed;165,375,604,929,932
presented;165
yet;165,437,547,974
another;165,199,282,437,464,557,688,841,974
pandemic;165
challenge;165
marketers;165
kendall;168,466
vaxxed;168
gala;168
prereq;168
book;168,466,911
hard;168,259,742,760,856,881,986
confirm;168
smhsmhsmh;168
brave;171
parsons;171
read;171,467,497,539,702,713,851,936
article;171,361,419,702,862,959
favorite;171
quote;171
thing;171,380,673,705
struck;171,995
photographing;171
unabashed;171
set;171,196,346,521,556,659,956
—;171,197,363,402,446,661,727,770,776,836
nigel;171
barker;171
said;174,229,347,353,428,456,642,680,798,918,920,929,935,990
borders;174,289
clearly;174
either;174
didnt;174,180,447,472
white;174,547
whipping;174
haitian;174
refugees;174
usa;174,271
fine;174,229
uninformed;174
amoral;174,229
french;178,252,439
jeremy;178,252,439,976,994
afp;178,252,439
putting;178,252,439
pfizer…;178,252,439
return;179,190
glenn;179,206,456
howard;179,190,206
curling;179
legend;179,346
coached;179
britain;179
pyeongchang;179,507
hopes…;179
happened;180
‘;180,363,496
20;180
woulda;180
looked;180,199,464,542,557,688
way;180,206,262,283,317,362,514,553,600,621,679,754,803,839,919,937,938,980
different;180,260,495
code;180
changes;180
affect;180
us;180,400,407,426,427,635,800,845,850,857,865,872,880,886,889,897,910,946
damn;180,346,742,760,881,986
injuries;180
russian;180,258,981
jrs;180
aged;180
handled;180
move;180
thinking;180
fig;180
screws;180
gymnasts;180,621,890
embarrassing;180
achieved;182,846
honour;182,846
reaching;182,846
stage;182,846
achievement;182,846,879
wear;182,846
skirt;182,846
di…;182,846
true;188,217,845,850,857,865,872,880,886,889,897,910
inspiration;188,214,217
served;190
coach;190,251,354,890
hopes;190
register;192
join;192,584
jcl;192
firstever;192
trivia;192
fundraising;192
triviaolympics;192
jclwhatshappening;192
therapy;196,521,556,659,956
knows;196,521,556,659,956
timeline;196,521,556,659,956
healing;196,521,556,659,956
anymore;196,521,527,556,659,956
felt;197,770,836
violently;197,770,836
familiar;197,770,836
girls;197,402,446,661,727,770,776,836
genius;197,402,446,661,727,770,776,836
used;197,313,402,446,661,727,734,770,776,836
institutions;197,402,446,661,727,770,776,836
forgotten;197,402,446,661,727,770,776,836
are…;197,770,836
boycott;198,537,618,845,850,857,865,872,880,886,889,897,910
everything;199,363,464,557,675,688,705
gone;199,464,557,688
seven;199,464,557,688,995
tea…;199,464,557,688
mcc;200
basically;200,713
gay;200
experienced;201,559
withdrew;201,559
finals;201,259,282,466,559,852,879
unexpected;201,559
terrifying;201,559
someone;202
turned;202
factories;202
power;202,304,845,850,857,865,872,880,886,889,897,910
monthshe;202
could;202,363,419,816,883,959
skies;202,462,555
early;204
developed;204
maternal;204
responsibility;204
mothered;204
sister;204
f…;204
finds;206
column;206
matt;206
dunstone;206
picks;206
second;206
consecutive;206
canadian…;206
babe;210,639
didrikson;210,639
zaharias;210,639
track;210,316,408,639
field;210,316,408,639
olympic…;210
let;214,219,255,375,600,621,678,711,730,842,890
daughter;214
thinks;214,933,984,998
awesome;214
fingers;214
crossed;214
problem;214,879,946
goes;219,255,408,711,783,842
quit;219,255,262,283,317,362,514,537,553,600,679,711,754,842,919,937,938,980
larry;219,255,271,600,711,842
nassar;219,255,271,600,711,842
media;219,255,600,613,711,713,842,845,850,857,865,872,880,886,889,897,910
h…;219,255,642,711,842
digital;225
yuan;225
widely;225
reported;225
commissioned;225
atnear;225
entail;225
peg;225
break;225,680
literally;229
violent;229
genocide;229
even;229,429,472,602,680,826,835,932,967
gram;229
respect;229
diabolically;229
position;229
prov…;235,864
wonder;243
thats;243,660,892,936
annoying;243
japanese;243,417
fans;243,466
seeing;243,547
eggmans;243
descendant;243
rivals;243
information;243
comes;243,649
15th;245
office;245
books;245
agents;245
offices;245
across;245,620
state;245
staff;245
members;245,871,885
competition;245,507,584,942,981
prizes;245
fun;245,492,609
cheers;245
teams;245
everyone;245,839,892
participated;245
httpstcoc81lvt3seq;245
jones;249
jr;249
decision;249
awful;249
kenyas;251,354
seoul;251,354
800m;251,354
em…;251
golf;254,639
cart;254
sponsor;254
irem;254
charity;254
tournament;254,943,978
potomac;254
maryland;254
benefitting;254
teamug2;254
domestic;258
scoring;258
best;258,377,400,424,426,427,484,507,828
aaer;258
spread;259
pessimism;259
worked;259,600
reached;259
pa…;259
figuring;260
watch;260
eagles;260
approximately;260
streaming;260
services;260
tv;260
cheese;264,505,906
brooklyn;264,505,906
weekend;264,505,734,906,943
revealed;271
sexually;271
abused;271
former;271
gymnastics;271
doctor;271
organization;271
she…;271,465,667
sk8theinfinity;272
rekikyan;272
marlen112boxing;273,490,567,977
mexican;273,490,567,977
native;273,490,567,977,987
pasadenatx;273,490,567,977
1st;273,490,567,977
boxer;273,490,567,977
us…;273,490,567,977
give;274,996
square;274
feet;274,950
box;274
inches;274
stay;274,447
happily;274
beside;274
cats;274
kitty;274
queen;282
dunking;282
court;282
mercury;282
chance;282,996
cause;282,665,778
upset;282
reach;282
ex;284
shaved;284
legs;284
biking;284
shot;284
sweep;286
oppression;286,456,547,566,589,772
plz;286
obviously;286,828
joking;286
libra;286
moon;286
scared;286
offending;286
ppl;286
dismantle;289
states;289,942
remove;289
around;289
camp;289,352,917
fires;289
smoking;289
doobage;289
singing;289
kumbaya;289
sounds;289
bit;289
knew;291
retirement;291,767
announcement;291
idk;291
anthony;292,300,314,324,558,570,788,863
ginting;292,300,314,324,411,558,570,788,863
clinched;292,300,314,324,558,570,788,863
sights;292,300,314,324,558,570,788,863
sets;292,300,314,324,558,570,788,863
improving;292,300,314,324,558,570,788,863
game;292,300,314,324,558,570,660,788,863
lee;295,303,615,755
zii;295,303,615,755
jia;295,303,615,755
anggota;295,615
kpop;295,615
lol;295,615,792,828
viral;295,615
lzj;295,615
failed;296
coverup;296
included;296
claiming;296
union;296
money;296
charities;296
including;296
detroit;296
branch;296
naacp;296
children;296
hospital;296
according;296,361
affidavit;296
leader;297,861
dont;297,492,861,917
disappoint;297,635,861
sorry;301,492
forgot;301
competing;301,329,800
victim;301,437,469,974
oppressed;301
helps;303,755
malaysia;303,755
clinch;303,755
england;303,383,755
sudirman;303,755
cup;303,313,574,635,755,927,981
reigning;303,755
champions;303,574,755,841,927,943,950
secure;303,755
quarter…;303,755
beyond;304
excited;304,507
thegrill;304
conference;304,713
kicks;304
wednesday;304
debated;304
latimes;304
s…;304
news;312,426,449,581,814
live;312
february;312,462
buying;313,892
fireworks;313
large;313
etc;313
opinion;313
stars;316,507
hunter;316
woodhall;316
tara;316
davis;316
engaged;316
romantic;316
mexihttpstcodis1d4qg4p;316
list;320,408,583,601
added;320,583,601
100m;320,583,601
hardwood;320,583,601
floor;320,583,601
slide;320,583,601
least;320,583,601
betwee…;320,583,601
iron;321,660
lady;321
gender;322
equality;322
rights;322,433,604,703,932
lmao;325
choice;325
thoughts;325,447,702
prayers;325,447
fix;325
sudden;325
issues;325,447
humility;328
recent;329
podcast;329
settle;329
conversation;329,852
transitioning;329
origins;329
ski;329,911
halfpipe;329
program;329,581,616
hustle;346
heart;346,460
apart;346,769
bird;346
truly;346,496
emulate;346
than…;346
matisse;347,353,428,798,918,920,929,933,935,984,990,998
thybulle;347,353,428,798,918,920,929,933,935,984,990,998
experience;347,353,918,920
basketball;347,353,466,495,639,918,920
setting…;347,353,918
fat;349
bear;349
national;349,669
bigger;349,555
nicolas;352
offseason;352
leaves;352
ready;352,963
concerns;352
fatigue;352
notes;352
barely;352
charlotte;352
rotation;352
bubble;352
emmanuel;354
korir;354
celebrate;354
kenyan;354
enjoyed;358
sequence;358
cool;358,428,698,798,935,990
inspiring;358
musicians;358
meet;358
olympians;358
talk;358,678
craft;358
motiondesign;358
via;358,680,707,800,816
patty;360,503
line;361
nbc;361,813
continents;361
championships;361,400,604,639
expected;361,936
host;361,604
oct;361
1…;361
everybody;363
change;363,555,713,734
happens;363
reason;363
learned;363,702
lot;363,702
courage;363
resilience;363
graf;367,470,479,516,538
poet;367,470,479,516,538
class;372,584
ig;372,682
unbelievably;375
spoiled;375
nhl;375
schedule;375,447
participate;375
gooo;375
wait;375
looking;377,424
shain;377,424
lewis;377,424
powys;377,424
can…;377,424
design;379
crimes;380
pashtuns;380
stopping;380
anytime;380
learn;380
given;380
commemoration;380
pain;380
commomerate;380
allyship;380
expect;380
wish;383,499,529,822
hate;383
category;383,589
hating;383
worlds;383,426,663,981
englandhater10timesgoldmedalistchampiomworldwidemosthatersomuchhate;383
app;384
projection;384
alongside;388
littlebigman;388
arthurpenn;388
delivered;388
directorial;388
film;388
efforts;388
1970s;388
segment;388
promotional;388
visionsofeight;388
neonoir;388
nightmoves;388
eccentric;388
western;388
themissouribreaks;388
starring;388
jacknicholson;388
whole;392,477,602,883
without;399,602
crutches;399
casey;400,426,987
kaufhold;400,426
earned;400
silver;400,426,698,707
archery;400,426
result;400
ones;402,446,661,727,776
protect…;402,446,661,727,776
throwback;407,499,529,822,995
mixed;407
relay;407
reinstated;407
originally;407
disqualified;407
tokyoolympics;407
runners;407
usolympics;407
forever;408,678
outgoing;417
minister;417
yoshihidesuga;417
announce;417,891
lifting;417
stateofemergency;417
measures;417
tomo…;417
insightful;419,959
informative;419,959
written;419,959
burra;419,959
naga;419,959
trinadh;419,959
regarding;419,959
nation;419,959
succe…;419,959
ansan;426
bradyellison;426
caseykaufhold;426
scores;426
follow;427,658
spoke;428,798,935,990
highly;428,798,935,990
immigrants;429,967
classist;429,967
apparently;429,826,967
only…;429
days;432,981
activities;432
announcements;432
soon❤❤❤;432
pressure;432,495,609
vault;432
monday;432
20…;432
demanding;433,604,703
challenging;433,604,703
chinas;433,669,703
human;433,604,703
record;433,450,703
nif;433,604,703
president;433,604,703,883
norwegian;433,703,771
olympi…;433,703
beautifully;434
considered;434
examination;434
trauma;434,936
grief;434
functions;434
crack;434
splinters;434
complex;437,936,974
republicans;437,974
adopted;437,974
towards;437,974
mandates;437,974
desperate;437,974
desire;437,974
yeah;438
giants;443,569
deal;447
challenges;447
entertained;447
others;447,996
deals;447
strong;447,469
olympian;449,453,781,786
death;449
threats;449
selfharm;449
risking;449
itv;449
thrilling;450
contest;450
streets;450
berlin;450,845,850,857,865,872,880,886,889,897,910
guye;450
adola;450
shocked;450
prerace;450
kenenisa;450
bekele;450
in…;450
newly;453,781,786
retired;453,781,786
launches;453,781,786
femalefocused;453,781,786
agency;453,781,786
shes;453,781,786
already;453,781,786
signed;453,781,786
handful…;453,781,786
always;456,496,892
homophobic;456
hahhah;456
kind;456
hood;460,945
beijings;462
curbing;462
jinping;462
ensure;462
showing;462,736
international;462,604,858,950
hes;462
serious;462,555
decarbonizing;462
economy;462
pr;462
reasons;462
issue;465,667,713,807
features;465,667,871,885
alltime;465,667
gymnast;465,667
major;465,604,639,667,978
tweet;466,892
help;466,584,621
realize;466
fame;466
devin;466
booker;466
starred;466
nba;466,495,574,734,782,927
bf;466
jenner;466
million+;466
followers;466
twitter;466
god1st;466
priorities;466
oikawa;467
right;467
left;467,571,643
oikawatooru;467
及川徹;467
aobajohsai;467
haikyuu;467
haikyuufanart;467
ハイキ…;467
codetalks;469
bringing;472
indeed;472
tshirt;472
slc;472
qualify;472
press;473,713
conferences;473
sixers;473,920
mattises;473
vlogs;473
maxeys;473
league;473,942,943
highlights;473
bros;476
quite;484
possibly;484
promo;484
festival;484
ive;484,678,946
seen;484
festivals;484
dreamvillefest2022;484
tho;492
rui;495
tremendous;495
japan;495,665,778
normal;495,680
thru;495
might;495,675
contemplating;495
direction;495
starts;496
exceptional;496
circumstance;496
terrorism;496
turns;496
standard;496
fallback;496
risk;496,967
cos;496
available;496
takes;499,529,822
topping;499,529,822
happy;499,529,697,822,913
htt…;499,529,822
nations;507,675,845,850,857,865,872,880,886,889,897,910
comoete;507
figure;507
skate;507
rising;507
yuzuru;507,925
hanyu;507,925
try;507
single;507
simonebiles;514,754
mentalhealthmatters;514,754
yang;520
eh;520
dad;522
profitable;527
hostcountry;527
yep;537
huawei;537,807
stop;537
letting;537
sell;537
cheap;537
crap;537
exports;537
pedri;542
burnt;542
wasnt;542,913
ghoul;542
queer;547
leftists;547
shutting;547
fuck;547,705
frame;547
ideas;547
form;547,584
questioning;547
acting;547
expert;547
belittling;547
thoughtful;547
rebuttals;547
sits;547
w;547
kagapol;549
supply;555
chain;555
crunch;555
partly;555
ecommerce;555
factor;555
must;555,800,845,850,851,857,865,872,880,886,889,897,910
curtail;555
steel;555
aluminum;555
manufacturing;555
ask;560
alireza;571
genetic;571
disability;571
unable;571,976,994
walk;571,917
use;571,705
hands;571
despite;571
odds;571
continues;571
work…;571
ryder;574,927
super;574,927
bowl;574,927
series;574,782,927,946
stanley;574,927
cha…;574,927
kassandra;576
vibes;576
acodyssey;576
paris;581
outlines;581
volunteer;581
swimswam;581
growing;584,998
membership;584
drive;584
pandas;584
fence;584
childs;584
earn;584
spot;584,689,697
panda;584
fill;584
submit;584
taxdeductible;584
donation;584
mate;589,738,879
interesting;589,862
observe;589
selfidentify;589
privileged;589
selfidentity;589
joy;600
stand;602
mf;602
plays;602
busy;602,767
olympics…can;602
comment;602
tired;602
jumping;602,925
dialogue;602
…well;602
depressed;602
mitchell;602
countries;604,678
systematically;604
violate;604
basic;604
berit;604
kjøll;604
boycottbeijingolympics;604
gobert;609
ball;609
post;609
defenses;609
cu…;609
outfit;613
ceremonies;613
appearances;613
paralympic;613,800
click;613
collection;613
hcmsummit;616
yrs;616
call;616
hcm;616
httpst…;616
fair;618
5g;618
network;618
sure;618
specialolympics;620
efw2021;620
ends;620
thursday;620
tournaments;620
europe;620
ignoring;621
abuse;621
spending;621
chasing;621
fake;621
trump;621,883
january;621
6th;621
ffs;621
brian;621
laundrie;621
escape;621
fbi;621
guttedamp;621
rebuilt;621
mettle;633
recently;633
concluded;633
shri;633
gent;635
girlfriends;635
chances;635
making…;635
lpga;639
allamerican;639
named;639
half;639
century;639
died;639
otd;639
womeninsport;639
greater;642,680
simply;642,680
echoing;642,680
clear;643,742,760,881,986
calf;643
decided;643
head;643,678
healthy;643
heading;643
huge;649,925
valued;649
partners;649
crubtv;658
twitch;658
spoelstra;660
bam;660
work;660,991
ethic;660
grow;660,929
ive…;660
gmf;663
alternate;663
glad;665,778
means;665,778,979
nouns;666
kept;666
status;666
wet;666
salad;666
14th;669
highlighted;669
policy;669
ambitions;669
outer;669
spacehttps…;669
excel;673
picked;673
dominating;675
clean;675
ears;675
smth;675
hear;675
performing;675
song;675
united;675
hearing;675
olympics…;675,902
insights;677
interactions;677
abhishek;677
thakur;677
bakhtawar;677
saini;677
racism;678
key;678
multiculturalism;678
removed;678
cultures;678
behind;678
closed;678
doors;678
alone;678
humans;678
racist;678
olympicsrace;678
warwhat;678
records;680
stuff;680,828
almost;680
dim;680
alexander;682
usyk;682
samtrenrussia;682
beijinghmmmmmmmm;686
a1;697
acrylic;697
painting;697
elegant;697
purchase;697
offering;697
a…;697
inspirational;698
courtney;698
frerichs;698
mantras;698
helped;698
lead;698
watched;702
epiphany;702
share;702
powerful;702,735
▸;702
toprealestateagent;702
poweragentsrock;702
poweragent;702
brexit;705
natural;705
disasters;705
incompetent;705
govt;705,928
responsible;705
plus;705
defence;705
check;707
1983s;707
discus;707
throw;707
pcgs;707
pr69dcam;707
commemorative;707,814
dollar;707
coin;707
nr;707
osaka;713
claimed;713
ruining;713
urge;713
statement;713
understand;713
federers;713
soccer;730,813
goooooo;730
allstar;734
cringy;734
strongly;735
recommend;735
checking;735
photographs;735
antiolympics;735
protests;735
tokyo2020…;735
graph;736
india;736,815,989,995
erase;736
preparing;738
moscow;738
working;742,760,881,986
lesser;742,760,881,986
=;742,760,881,986
triple;742,760,881,986
quadruple;742,760,881,986
effort;742,760,881,986
osterman;767
plans;767
softball;767
careers;767
rings;769
feeling;769,965
round;771
hillclimb;771
lysgårdsbakken;771
lillehammer;771
wi…;771
queerness;772
start;772
policin…;772
sofi;782
stadium;782
hosting;782
ny;782
yankees;782
metric;782
fuckton;782
tourist;782
traps;782
notable;782
locations;782
rebuilding;782
ground;782
winner;783,894
copyright;783
infringement;783
bitches;792
pimpin;792
bro;792
committee;800
announced;800
deadline;800
crush;803
bohol;803
bacolod;803
bec;803
pinoy;803
yas;803
nagstalk;803
atiii;803
nga;803
bulag;803
sad;803
sila;803
iyang;803
term;803
uyab;803
mao;803
poreber;803
lagiiii;803
writing;804
among;807
boycotting;807
ccp;807
canada;807
travel;807
advisory;807
china‍♀️;807
hi;813
followme;813
followback;813
retweet;813
america;813
americasgottalent;813
comedian;813
joshblue;813
yukokubota;813
five;814,858
types;814
technical;814
data;814
composition;814
aluminiumbronze;814
diameter;814
mm;814
weight;814
g;814
royal;814
image;814
eddy;814
reynaert;814
link;814
australia…;814
dearsir;815
babus;815
release;815
rs;815
50…;815
stabilized;816
dame;816
reopen;816
drifts;826
sync;826
zodiac;826
zone;826
legislation;826
indiana;826
extreme;826
age;826
yea;828
questions;828
werent;828
perturbed;828
struggling;828
outstanding;835,955
windsor;835
wiatc;835
kine3400;835,862
sj;839
munoz;839
￼not;841
golden;841
italy;841
victory;841
pastry;841
worldwide;845,850,857,865,872,880,886,889,897,910
method;845,850,857,865,872,880,886,889,897,910
totalitarian;845,850,857,865,872,880,886,889,897,910
dictator;845,850,857,865,872,880,886,889,897,910
project;845,850,857,865,872,880,886,889,897,910
hyperpower;845,850,857,865,872,880,886,889,897,910
shock;845,850,857,865,872,880,886,889,897,910
awe;845,850,857,865,872,880,886,889,897,910
visitors;845,850,857,865,872,880,886,889,897,910
control;845,850,857,865,872,880,886,889,897,910
goals;845,850,857,865,872,880,886,889,897,910
bror;852
disregarded;852
stands;852
bottled;852
trying;852,917
shift;852
topic;852
mumbai;856
mary;856
souza;856
sequeira;856
narrates;856
enthralling;856
scripted;856
destiny;856
wo…;856
overseeing;858
veterinary;858
opened;858
regards;862
powerlifting;862
cover;871,885
tribute;871,885
ka;871,885
lau;871,885
lost;871,879,885
beginning;871,885
of…;871,885
int;879,978
hilarious;883
borrow;883
tissue;883
epstein;883
bizarro;883
linked;883
regularly;883
partied;883
excuse;883
personally;890
drinking;890
water;890
toilets;890
bc;890
refused;890
eat;890
drink;890
minecraft;891
smaller;891
creators;891
lookin…;891
hmm;892
plastered;892
attendingfilmingreporting;892
miss;892
massive;892
sponsorship;892
levels;892
theres;892
negative;892
bounce;892
samsung;892
iphone;892
suffering;894
thomas;894
kera;894
ousted;894
‍♂️;900
forget;902
abt;902
garment;902
on…;902
limpic;902
itni;907
khushi;907
shayad;907
kisi;907
jeet;907
mehsoos;907
huyi;907
hogi;907
absolute;907
ou…;907
citys;911
slopes;911
predominantly;911
facility;911
⛷️;911
shuttle;911
service;911
directly;911
skiing;911
touch;911
☎️;911
loosen;913
pissed;913
sang;913
bdayits;913
joke;913
kd;913
cry;915
turning;917
pro;917
poor;917,987
management;917
shouldve;917
run;917
wont;925
peace;925
smile;925
delhi;928
hc;928
hears;928
manika;928
batras;928
plea;928
ttfi;928
seeks;928
response;928
trusted;928
crypto;928
casino;928
sportsbook;928
→;928
←;928
shooter;929
wonderful;930
sportsmanship;930
syndromes;932
treat;932
factitious;932
identity;932
regarded;932
multiple;932
terms;932,998
benefits;932
transabled;932
affected;932
entitlements;932
threepoint;933,984,998
shooting;933,984,998
focal;933,984,990,998
helpful;933,984,998
excellent;936
speaks;936
volumes;936
interaction;936
stress;936
expectation;936
anxiety;936
perform;936
demand;936
actionpacked;942
esports;942
forza;942
motorsport;942
madden;942
nfl;942
rocket;942,943
congratulations;943,955
jackie;943
partner;943
isaac;943
myers;943
crowned;943
arena;943
inaugural;943
gaming;943
inclusion;943
brought;943,955
together;943
official;945
open;946
struggles;946
sudden…;946
shelbyville;950
school;950
repeated;950
division;950
plane;950
pull;950
sept;950
indianapolis;950
airport;950
managed;950
boeing;950
airplane;950
seconds;950
perverted;951,952,953
quarterfinal;951,952,953
wheein;951
vs;951,952,953
jiu;951
soeun;952
shuhua;952
mijoo;953
hyeseong;953
feat;955
dm;955
suhas;955
ly;955
smiles;955
faces;955
cancel;960
chief;963
exhibit;963
wealthy;967
immigrate;967
absolutely;967
untrue;967
sounding;967
christian;967
walker;967
woke;967
tl;967
praying;976,994
ranked;976,994
claims;976,994
train;976,994
my…;976,994
copa;978
tf;978
gt;978
unl;978
decide;979
amazing;979
piece;979
talking;981
nationals;981
bw;981
billionaire;987
wasserman;987
kill;987
brown;987
endorse;987
canceling;987
waiting;989
edit;989
channel;989
neeraj;989,995
chopra;989,995
offense;990
effective;990
increasing;990
funding;991
lotto;991
pay;991
gym;991
millionaire;991
uganda;992
land;992
mountain;992
gorillas;992
snow;992
capped;992
mt;992
rwenzori;992
pristine;992
breathtaking;992
sceneries;992
vast;992
animal;992
spe…;992
javelin;995
and…;995
withdrawing;996
sunnies;996
shooters;998
ups;998
downs;998
postcredits;999
sonic;999
receives;999
mail;999
invitation;999
mario…;999
